"V/E = -1.50"
0.001000 -0.000735
0.011000 -0.008086
0.021000 -0.015439
0.031000 -0.022795
0.041000 -0.030156
0.051000 -0.037523
0.061000 -0.044897
0.071000 -0.052281
0.081000 -0.059675
0.091000 -0.067082
0.101000 -0.074502
0.111000 -0.081938
0.121000 -0.089390
0.131000 -0.096862
0.141000 -0.104353
0.151000 -0.111866
0.161000 -0.119403
0.171000 -0.126965
0.181000 -0.134554
0.191000 -0.142172
0.201000 -0.149820
0.211000 -0.157501
0.221000 -0.165216
0.231000 -0.172967
0.241000 -0.180756
0.251000 -0.188585
0.261000 -0.196456
0.271000 -0.204372
0.281000 -0.212334
0.291000 -0.220344
0.301000 -0.228406
0.311000 -0.236521
0.321000 -0.244692
0.331000 -0.252921
0.341000 -0.261211
0.351000 -0.269564
0.361000 -0.277984
0.371000 -0.286473
0.381000 -0.295034
0.391000 -0.303671
0.401000 -0.312386
0.411000 -0.321183
0.421000 -0.330065
0.431000 -0.339037
0.441000 -0.348101
0.451000 -0.357263
0.461000 -0.366525
0.471000 -0.375892
0.481000 -0.385370
0.491000 -0.394962
0.501000 -0.404673
0.511000 -0.414510
0.521000 -0.424477
0.531000 -0.434580
0.541000 -0.444825
0.551000 -0.455220
0.561000 -0.465770
0.571000 -0.476484
0.581000 -0.487368
0.591000 -0.498431
0.601000 -0.509682
0.611000 -0.521130
0.621000 -0.532785
0.631000 -0.544658
0.641000 -0.556759
0.651000 -0.569102
0.661000 -0.581699
0.671000 -0.594564
0.681000 -0.607713
0.691000 -0.621162
0.701000 -0.634929
0.711000 -0.649034
0.721000 -0.663497
0.731000 -0.678342
0.741000 -0.693594
0.751000 -0.709281
0.761000 -0.725435
0.771000 -0.742089
0.781000 -0.759282
0.791000 -0.777057
0.801000 -0.795461
0.811000 -0.814550
0.821000 -0.834384
0.831000 -0.855035
0.841000 -0.876584
0.851000 -0.899126
0.861000 -0.922774
0.871000 -0.947659
0.881000 -0.973939
0.891000 -1.001810
0.901000 -1.031510
0.911000 -1.063342
0.921000 -1.097698
0.931000 -1.135099
0.941000 -1.176265
0.951000 -1.222241
0.961000 -1.274643
0.971000 -1.336231
0.981000 -1.412497
0.991000 -1.518278


"V/E = -1.38"
0.001000 -0.000702
0.011000 -0.007725
0.021000 -0.014749
0.031000 -0.021776
0.041000 -0.028808
0.051000 -0.035846
0.061000 -0.042891
0.071000 -0.049945
0.081000 -0.057010
0.091000 -0.064086
0.101000 -0.071176
0.111000 -0.078281
0.121000 -0.085402
0.131000 -0.092542
0.141000 -0.099701
0.151000 -0.106881
0.161000 -0.114084
0.171000 -0.121312
0.181000 -0.128566
0.191000 -0.135848
0.201000 -0.143160
0.211000 -0.150503
0.221000 -0.157880
0.231000 -0.165291
0.241000 -0.172740
0.251000 -0.180228
0.261000 -0.187757
0.271000 -0.195329
0.281000 -0.202947
0.291000 -0.210611
0.301000 -0.218326
0.311000 -0.226092
0.321000 -0.233913
0.331000 -0.241791
0.341000 -0.249728
0.351000 -0.257727
0.361000 -0.265791
0.371000 -0.273922
0.381000 -0.282124
0.391000 -0.290399
0.401000 -0.298751
0.411000 -0.307183
0.421000 -0.315699
0.431000 -0.324301
0.441000 -0.332994
0.451000 -0.341782
0.461000 -0.350669
0.471000 -0.359658
0.481000 -0.368755
0.491000 -0.377964
0.501000 -0.387290
0.511000 -0.396739
0.521000 -0.406315
0.531000 -0.416024
0.541000 -0.425873
0.551000 -0.435868
0.561000 -0.446015
0.571000 -0.456323
0.581000 -0.466798
0.591000 -0.477448
0.601000 -0.488283
0.611000 -0.499311
0.621000 -0.510543
0.631000 -0.521988
0.641000 -0.533658
0.651000 -0.545565
0.661000 -0.557722
0.671000 -0.570143
0.681000 -0.582843
0.691000 -0.595839
0.701000 -0.609148
0.711000 -0.622789
0.721000 -0.636783
0.731000 -0.651155
0.741000 -0.665928
0.751000 -0.681130
0.761000 -0.696793
0.771000 -0.712951
0.781000 -0.729640
0.791000 -0.746906
0.801000 -0.764793
0.811000 -0.783359
0.821000 -0.802662
0.831000 -0.822775
0.841000 -0.843779
0.851000 -0.865767
0.861000 -0.888853
0.871000 -0.913167
0.881000 -0.938868
0.891000 -0.966150
0.901000 -0.995251
0.911000 -1.026475
0.921000 -1.060211
0.931000 -1.096982
0.941000 -1.137507
0.951000 -1.182829
0.961000 -1.234566
0.971000 -1.295476
0.981000 -1.371050
0.991000 -1.476125


"V/E = -1.25"
0.001000 -0.000667
0.011000 -0.007334
0.021000 -0.014002
0.031000 -0.020674
0.041000 -0.027350
0.051000 -0.034031
0.061000 -0.040720
0.071000 -0.047418
0.081000 -0.054125
0.091000 -0.060844
0.101000 -0.067576
0.111000 -0.074323
0.121000 -0.081086
0.131000 -0.087866
0.141000 -0.094665
0.151000 -0.101485
0.161000 -0.108327
0.171000 -0.115192
0.181000 -0.122083
0.191000 -0.129002
0.201000 -0.135949
0.211000 -0.142926
0.221000 -0.149936
0.231000 -0.156980
0.241000 -0.164060
0.251000 -0.171178
0.261000 -0.178336
0.271000 -0.185535
0.281000 -0.192778
0.291000 -0.200068
0.301000 -0.207405
0.311000 -0.214794
0.321000 -0.222234
0.331000 -0.229730
0.341000 -0.237284
0.351000 -0.244898
0.361000 -0.252575
0.371000 -0.260317
0.381000 -0.268128
0.391000 -0.276010
0.401000 -0.283967
0.411000 -0.292002
0.421000 -0.300118
0.431000 -0.308318
0.441000 -0.316607
0.451000 -0.324988
0.461000 -0.333465
0.471000 -0.342042
0.481000 -0.350723
0.491000 -0.359514
0.501000 -0.368420
0.511000 -0.377444
0.521000 -0.386592
0.531000 -0.395871
0.541000 -0.405286
0.551000 -0.414844
0.561000 -0.424550
0.571000 -0.434413
0.581000 -0.444439
0.591000 -0.454637
0.601000 -0.465015
0.611000 -0.475582
0.621000 -0.486348
0.631000 -0.497323
0.641000 -0.508519
0.651000 -0.519946
0.661000 -0.531619
0.671000 -0.543550
0.681000 -0.555756
0.691000 -0.568251
0.701000 -0.581053
0.711000 -0.594183
0.721000 -0.607659
0.731000 -0.621506
0.741000 -0.635748
0.751000 -0.650413
0.761000 -0.665531
0.771000 -0.681137
0.781000 -0.697268
0.791000 -0.713966
0.801000 -0.731278
0.811000 -0.749260
0.821000 -0.767972
0.831000 -0.787483
0.841000 -0.807876
0.851000 -0.829245
0.861000 -0.851700
0.871000 -0.875374
0.881000 -0.900423
0.891000 -0.927042
0.901000 -0.955469
0.911000 -0.986006
0.921000 -1.019043
0.931000 -1.055100
0.941000 -1.094898
0.951000 -1.139479
0.961000 -1.190459
0.971000 -1.250596
0.981000 -1.325381
0.991000 -1.429650


"V/E = -1.13"
0.001000 -0.000628
0.011000 -0.006908
0.021000 -0.013190
0.031000 -0.019475
0.041000 -0.025764
0.051000 -0.032059
0.061000 -0.038360
0.071000 -0.044670
0.081000 -0.050989
0.091000 -0.057320
0.101000 -0.063663
0.111000 -0.070020
0.121000 -0.076393
0.131000 -0.082782
0.141000 -0.089190
0.151000 -0.095617
0.161000 -0.102066
0.171000 -0.108538
0.181000 -0.115034
0.191000 -0.121556
0.201000 -0.128106
0.211000 -0.134686
0.221000 -0.141296
0.231000 -0.147940
0.241000 -0.154618
0.251000 -0.161332
0.261000 -0.168086
0.271000 -0.174879
0.281000 -0.181715
0.291000 -0.188595
0.301000 -0.195521
0.311000 -0.202497
0.321000 -0.209523
0.331000 -0.216602
0.341000 -0.223737
0.351000 -0.230931
0.361000 -0.238185
0.371000 -0.245502
0.381000 -0.252885
0.391000 -0.260338
0.401000 -0.267863
0.411000 -0.275463
0.421000 -0.283141
0.431000 -0.290901
0.441000 -0.298747
0.451000 -0.306682
0.461000 -0.314709
0.471000 -0.322834
0.481000 -0.331061
0.491000 -0.339393
0.501000 -0.347835
0.511000 -0.356394
0.521000 -0.365073
0.531000 -0.373878
0.541000 -0.382815
0.551000 -0.391891
0.561000 -0.401112
0.571000 -0.410484
0.581000 -0.420015
0.591000 -0.429714
0.601000 -0.439587
0.611000 -0.449645
0.621000 -0.459896
0.631000 -0.470352
0.641000 -0.481022
0.651000 -0.491918
0.661000 -0.503054
0.671000 -0.514442
0.681000 -0.526098
0.691000 -0.538037
0.701000 -0.550277
0.711000 -0.562836
0.721000 -0.575735
0.731000 -0.588997
0.741000 -0.602647
0.751000 -0.616711
0.761000 -0.631220
0.771000 -0.646208
0.781000 -0.661712
0.791000 -0.677774
0.801000 -0.694441
0.811000 -0.711766
0.821000 -0.729811
0.831000 -0.748645
0.841000 -0.768349
0.851000 -0.789017
0.861000 -0.810759
0.871000 -0.833706
0.881000 -0.858016
0.891000 -0.883881
0.901000 -0.911540
0.911000 -0.941293
0.921000 -0.973531
0.931000 -1.008773
0.941000 -1.047737
0.951000 -1.091466
0.961000 -1.141575
0.971000 -1.200821
0.981000 -1.274693
0.991000 -1.378027


"V/E = -1.00"
0.001000 -0.000586
0.011000 -0.006444
0.021000 -0.012304
0.031000 -0.018166
0.041000 -0.024032
0.051000 -0.029904
0.061000 -0.035782
0.071000 -0.041668
0.081000 -0.047564
0.091000 -0.053470
0.101000 -0.059388
0.111000 -0.065319
0.121000 -0.071265
0.131000 -0.077227
0.141000 -0.083207
0.151000 -0.089205
0.161000 -0.095224
0.171000 -0.101265
0.181000 -0.107330
0.191000 -0.113419
0.201000 -0.119535
0.211000 -0.125678
0.221000 -0.131852
0.231000 -0.138057
0.241000 -0.144295
0.251000 -0.150568
0.261000 -0.156878
0.271000 -0.163226
0.281000 -0.169615
0.291000 -0.176047
0.301000 -0.182523
0.311000 -0.189045
0.321000 -0.195616
0.331000 -0.202239
0.341000 -0.208914
0.351000 -0.215646
0.361000 -0.222435
0.371000 -0.229286
0.381000 -0.236199
0.391000 -0.243179
0.401000 -0.250229
0.411000 -0.257350
0.421000 -0.264547
0.431000 -0.271822
0.441000 -0.279180
0.451000 -0.286623
0.461000 -0.294155
0.471000 -0.301781
0.481000 -0.309504
0.491000 -0.317330
0.501000 -0.325261
0.511000 -0.333304
0.521000 -0.341464
0.531000 -0.349745
0.541000 -0.358153
0.551000 -0.366695
0.561000 -0.375377
0.571000 -0.384205
0.581000 -0.393187
0.591000 -0.402331
0.601000 -0.411643
0.611000 -0.421134
0.621000 -0.430813
0.631000 -0.440689
0.641000 -0.450773
0.651000 -0.461076
0.661000 -0.471612
0.671000 -0.482393
0.681000 -0.493433
0.691000 -0.504749
0.701000 -0.516358
0.711000 -0.528278
0.721000 -0.540528
0.731000 -0.553133
0.741000 -0.566115
0.751000 -0.579502
0.761000 -0.593324
0.771000 -0.607614
0.781000 -0.622408
0.791000 -0.637749
0.801000 -0.653684
0.811000 -0.670264
0.821000 -0.687550
0.831000 -0.705613
0.841000 -0.724531
0.851000 -0.744398
0.861000 -0.765323
0.871000 -0.787438
0.881000 -0.810899
0.891000 -0.835897
0.901000 -0.862670
0.911000 -0.891518
0.921000 -0.922831
0.931000 -0.957126
0.941000 -0.995121
0.951000 -1.037857
0.961000 -1.086949
0.971000 -1.145151
0.981000 -1.217952
0.991000 -1.320186


"V/E = -0.88"
0.001000 -0.000539
0.011000 -0.005934
0.021000 -0.011329
0.031000 -0.016728
0.041000 -0.022130
0.051000 -0.027537
0.061000 -0.032950
0.071000 -0.038371
0.081000 -0.043800
0.091000 -0.049240
0.101000 -0.054691
0.111000 -0.060154
0.121000 -0.065632
0.131000 -0.071124
0.141000 -0.076633
0.151000 -0.082161
0.161000 -0.087707
0.171000 -0.093274
0.181000 -0.098863
0.191000 -0.104476
0.201000 -0.110113
0.211000 -0.115778
0.221000 -0.121470
0.231000 -0.127192
0.241000 -0.132946
0.251000 -0.138733
0.261000 -0.144554
0.271000 -0.150412
0.281000 -0.156308
0.291000 -0.162245
0.301000 -0.168224
0.311000 -0.174247
0.321000 -0.180316
0.331000 -0.186433
0.341000 -0.192601
0.351000 -0.198822
0.361000 -0.205098
0.371000 -0.211432
0.381000 -0.217826
0.391000 -0.224283
0.401000 -0.230806
0.411000 -0.237398
0.421000 -0.244061
0.431000 -0.250798
0.441000 -0.257614
0.451000 -0.264511
0.461000 -0.271494
0.471000 -0.278565
0.481000 -0.285730
0.491000 -0.292991
0.501000 -0.300354
0.511000 -0.307823
0.521000 -0.315404
0.531000 -0.323100
0.541000 -0.330919
0.551000 -0.338864
0.561000 -0.346944
0.571000 -0.355164
0.581000 -0.363531
0.591000 -0.372052
0.601000 -0.380737
0.611000 -0.389592
0.621000 -0.398627
0.631000 -0.407851
0.641000 -0.417276
0.651000 -0.426912
0.661000 -0.436771
0.671000 -0.446867
0.681000 -0.457213
0.691000 -0.467825
0.701000 -0.478719
0.711000 -0.489913
0.721000 -0.501428
0.731000 -0.513286
0.741000 -0.525509
0.751000 -0.538125
0.761000 -0.551163
0.771000 -0.564655
0.781000 -0.578638
0.791000 -0.593154
0.801000 -0.608247
0.811000 -0.623971
0.821000 -0.640384
0.831000 -0.657556
0.841000 -0.675566
0.851000 -0.694506
0.861000 -0.714485
0.871000 -0.735632
0.881000 -0.758103
0.891000 -0.782089
0.901000 -0.807826
0.911000 -0.835613
0.921000 -0.865837
0.931000 -0.899016
0.941000 -0.935866
0.951000 -0.977425
0.961000 -1.025307
0.971000 -1.082264
0.981000 -1.153783
0.991000 -1.254696


"V/E = -0.75"
0.001000 -0.000488
0.011000 -0.005370
0.021000 -0.010253
0.031000 -0.015138
0.041000 -0.020027
0.051000 -0.024920
0.061000 -0.029820
0.071000 -0.034726
0.081000 -0.039641
0.091000 -0.044564
0.101000 -0.049499
0.111000 -0.054445
0.121000 -0.059404
0.131000 -0.064377
0.141000 -0.069365
0.151000 -0.074370
0.161000 -0.079394
0.171000 -0.084436
0.181000 -0.089499
0.191000 -0.094584
0.201000 -0.099692
0.211000 -0.104825
0.221000 -0.109985
0.231000 -0.115172
0.241000 -0.120388
0.251000 -0.125635
0.261000 -0.130915
0.271000 -0.136229
0.281000 -0.141578
0.291000 -0.146965
0.301000 -0.152392
0.311000 -0.157860
0.321000 -0.163371
0.331000 -0.168927
0.341000 -0.174530
0.351000 -0.180183
0.361000 -0.185888
0.371000 -0.191646
0.381000 -0.197461
0.391000 -0.203335
0.401000 -0.209271
0.411000 -0.215270
0.421000 -0.221337
0.431000 -0.227474
0.441000 -0.233685
0.451000 -0.239972
0.461000 -0.246339
0.471000 -0.252789
0.481000 -0.259327
0.491000 -0.265956
0.501000 -0.272681
0.511000 -0.279506
0.521000 -0.286435
0.531000 -0.293475
0.541000 -0.300628
0.551000 -0.307903
0.561000 -0.315304
0.571000 -0.322837
0.581000 -0.330509
0.591000 -0.338328
0.601000 -0.346301
0.611000 -0.354436
0.621000 -0.362741
0.631000 -0.371227
0.641000 -0.379902
0.651000 -0.388779
0.661000 -0.397868
0.671000 -0.407182
0.681000 -0.416735
0.691000 -0.426541
0.701000 -0.436618
0.711000 -0.446981
0.721000 -0.457651
0.731000 -0.468650
0.741000 -0.479999
0.751000 -0.491725
0.761000 -0.503858
0.771000 -0.516427
0.781000 -0.529470
0.791000 -0.543027
0.801000 -0.557142
0.811000 -0.571867
0.821000 -0.587260
0.831000 -0.603390
0.841000 -0.620334
0.851000 -0.638183
0.861000 -0.657045
0.871000 -0.677049
0.881000 -0.698348
0.891000 -0.721131
0.901000 -0.745632
0.911000 -0.772150
0.921000 -0.801070
0.931000 -0.832906
0.941000 -0.868372
0.951000 -0.908505
0.961000 -0.954914
0.971000 -1.010350
0.981000 -1.080297
0.991000 -1.179581


"V/E = -0.63"
0.001000 -0.000431
0.011000 -0.004742
0.021000 -0.009054
0.031000 -0.013368
0.041000 -0.017686
0.051000 -0.022008
0.061000 -0.026335
0.071000 -0.030668
0.081000 -0.035009
0.091000 -0.039358
0.101000 -0.043717
0.111000 -0.048086
0.121000 -0.052468
0.131000 -0.056862
0.141000 -0.061270
0.151000 -0.065694
0.161000 -0.070134
0.171000 -0.074591
0.181000 -0.079067
0.191000 -0.083563
0.201000 -0.088081
0.211000 -0.092621
0.221000 -0.097185
0.231000 -0.101775
0.241000 -0.106391
0.251000 -0.111035
0.261000 -0.115709
0.271000 -0.120414
0.281000 -0.125152
0.291000 -0.129924
0.301000 -0.134732
0.311000 -0.139578
0.321000 -0.144464
0.331000 -0.149391
0.341000 -0.154361
0.351000 -0.159376
0.361000 -0.164439
0.371000 -0.169551
0.381000 -0.174716
0.391000 -0.179934
0.401000 -0.185209
0.411000 -0.190542
0.421000 -0.195938
0.431000 -0.201398
0.441000 -0.206925
0.451000 -0.212523
0.461000 -0.218195
0.471000 -0.223943
0.481000 -0.229773
0.491000 -0.235686
0.501000 -0.241688
0.511000 -0.247782
0.521000 -0.253973
0.531000 -0.260265
0.541000 -0.266663
0.551000 -0.273174
0.561000 -0.279801
0.571000 -0.286551
0.581000 -0.293431
0.591000 -0.300446
0.601000 -0.307605
0.611000 -0.314915
0.621000 -0.322383
0.631000 -0.330020
0.641000 -0.337834
0.651000 -0.345836
0.661000 -0.354037
0.671000 -0.362449
0.681000 -0.371084
0.691000 -0.379958
0.701000 -0.389085
0.711000 -0.398483
0.721000 -0.408170
0.731000 -0.418166
0.741000 -0.428495
0.751000 -0.439180
0.761000 -0.450250
0.771000 -0.461735
0.781000 -0.473670
0.791000 -0.486094
0.801000 -0.499051
0.811000 -0.512591
0.821000 -0.526771
0.831000 -0.541658
0.841000 -0.557326
0.851000 -0.573867
0.861000 -0.591386
0.871000 -0.610009
0.881000 -0.629887
0.891000 -0.651207
0.901000 -0.674202
0.911000 -0.699166
0.921000 -0.726480
0.931000 -0.756657
0.941000 -0.790406
0.951000 -0.828761
0.961000 -0.873325
0.971000 -0.926845
0.981000 -0.994798
0.991000 -1.092006


"V/E = -0.50"
0.001000 -0.000367
0.011000 -0.004037
0.021000 -0.007709
0.031000 -0.011382
0.041000 -0.015058
0.051000 -0.018738
0.061000 -0.022422
0.071000 -0.026112
0.081000 -0.029809
0.091000 -0.033513
0.101000 -0.037225
0.111000 -0.040947
0.121000 -0.044679
0.131000 -0.048423
0.141000 -0.052179
0.151000 -0.055949
0.161000 -0.059733
0.171000 -0.063532
0.181000 -0.067348
0.191000 -0.071182
0.201000 -0.075034
0.211000 -0.078907
0.221000 -0.082800
0.231000 -0.086716
0.241000 -0.090656
0.251000 -0.094620
0.261000 -0.098611
0.271000 -0.102629
0.281000 -0.106676
0.291000 -0.110754
0.301000 -0.114864
0.311000 -0.119007
0.321000 -0.123185
0.331000 -0.127399
0.341000 -0.131652
0.351000 -0.135946
0.361000 -0.140281
0.371000 -0.144661
0.381000 -0.149086
0.391000 -0.153559
0.401000 -0.158083
0.411000 -0.162660
0.421000 -0.167291
0.431000 -0.171980
0.441000 -0.176729
0.451000 -0.181540
0.461000 -0.186418
0.471000 -0.191364
0.481000 -0.196383
0.491000 -0.201477
0.501000 -0.206650
0.511000 -0.211906
0.521000 -0.217248
0.531000 -0.222682
0.541000 -0.228211
0.551000 -0.233841
0.561000 -0.239576
0.571000 -0.245422
0.581000 -0.251384
0.591000 -0.257470
0.601000 -0.263684
0.611000 -0.270036
0.621000 -0.276531
0.631000 -0.283179
0.641000 -0.289989
0.651000 -0.296969
0.661000 -0.304130
0.671000 -0.311483
0.681000 -0.319041
0.691000 -0.326817
0.701000 -0.334825
0.711000 -0.343082
0.721000 -0.351604
0.731000 -0.360411
0.741000 -0.369525
0.751000 -0.378968
0.761000 -0.388767
0.771000 -0.398952
0.781000 -0.409556
0.791000 -0.420614
0.801000 -0.432171
0.811000 -0.444274
0.821000 -0.456977
0.831000 -0.470345
0.841000 -0.484451
0.851000 -0.499382
0.861000 -0.515241
0.871000 -0.532150
0.881000 -0.550259
0.891000 -0.569748
0.901000 -0.590847
0.911000 -0.613844
0.921000 -0.639118
0.931000 -0.667172
0.941000 -0.698712
0.951000 -0.734761
0.961000 -0.776919
0.971000 -0.827919
0.981000 -0.893230
0.991000 -0.987661


"V/E = -0.38"
0.001000 -0.000294
0.011000 -0.003239
0.021000 -0.006183
0.031000 -0.009130
0.041000 -0.012079
0.051000 -0.015031
0.061000 -0.017987
0.071000 -0.020947
0.081000 -0.023914
0.091000 -0.026886
0.101000 -0.029865
0.111000 -0.032852
0.121000 -0.035848
0.131000 -0.038853
0.141000 -0.041869
0.151000 -0.044896
0.161000 -0.047935
0.171000 -0.050987
0.181000 -0.054052
0.191000 -0.057133
0.201000 -0.060229
0.211000 -0.063342
0.221000 -0.066473
0.231000 -0.069622
0.241000 -0.072791
0.251000 -0.075981
0.261000 -0.079193
0.271000 -0.082428
0.281000 -0.085687
0.291000 -0.088971
0.301000 -0.092283
0.311000 -0.095622
0.321000 -0.098991
0.331000 -0.102391
0.341000 -0.105823
0.351000 -0.109289
0.361000 -0.112790
0.371000 -0.116328
0.381000 -0.119905
0.391000 -0.123523
0.401000 -0.127183
0.411000 -0.130887
0.421000 -0.134638
0.431000 -0.138438
0.441000 -0.142288
0.451000 -0.146191
0.461000 -0.150151
0.471000 -0.154168
0.481000 -0.158247
0.491000 -0.162390
0.501000 -0.166600
0.511000 -0.170881
0.521000 -0.175236
0.531000 -0.179668
0.541000 -0.184182
0.551000 -0.188782
0.561000 -0.193472
0.571000 -0.198257
0.581000 -0.203142
0.591000 -0.208133
0.601000 -0.213236
0.611000 -0.218456
0.621000 -0.223800
0.631000 -0.229276
0.641000 -0.234892
0.651000 -0.240656
0.661000 -0.246578
0.671000 -0.252667
0.681000 -0.258934
0.691000 -0.265392
0.701000 -0.272053
0.711000 -0.278932
0.721000 -0.286044
0.731000 -0.293408
0.741000 -0.301043
0.751000 -0.308969
0.761000 -0.317212
0.771000 -0.325799
0.781000 -0.334759
0.791000 -0.344127
0.801000 -0.353943
0.811000 -0.364251
0.821000 -0.375102
0.831000 -0.386557
0.841000 -0.398685
0.851000 -0.411568
0.861000 -0.425304
0.871000 -0.440009
0.881000 -0.455825
0.891000 -0.472930
0.901000 -0.491541
0.911000 -0.511940
0.921000 -0.534494
0.931000 -0.559697
0.941000 -0.588241
0.951000 -0.621137
0.961000 -0.659964
0.971000 -0.707439
0.981000 -0.769008
0.991000 -0.859455


"V/E = -0.25"
0.001000 -0.000211
0.011000 -0.002323
0.021000 -0.004435
0.031000 -0.006548
0.041000 -0.008664
0.051000 -0.010781
0.061000 -0.012901
0.071000 -0.015025
0.081000 -0.017153
0.091000 -0.019286
0.101000 -0.021424
0.111000 -0.023568
0.121000 -0.025718
0.131000 -0.027876
0.141000 -0.030041
0.151000 -0.032215
0.161000 -0.034397
0.171000 -0.036590
0.181000 -0.038792
0.191000 -0.041006
0.201000 -0.043232
0.211000 -0.045470
0.221000 -0.047722
0.231000 -0.049987
0.241000 -0.052268
0.251000 -0.054564
0.261000 -0.056877
0.271000 -0.059207
0.281000 -0.061555
0.291000 -0.063923
0.301000 -0.066311
0.311000 -0.068720
0.321000 -0.071151
0.331000 -0.073606
0.341000 -0.076085
0.351000 -0.078589
0.361000 -0.081121
0.371000 -0.083680
0.381000 -0.086269
0.391000 -0.088889
0.401000 -0.091541
0.411000 -0.094227
0.421000 -0.096948
0.431000 -0.099706
0.441000 -0.102503
0.451000 -0.105341
0.461000 -0.108221
0.471000 -0.111146
0.481000 -0.114118
0.491000 -0.117139
0.501000 -0.120212
0.511000 -0.123339
0.521000 -0.126523
0.531000 -0.129767
0.541000 -0.133074
0.551000 -0.136447
0.561000 -0.139891
0.571000 -0.143408
0.581000 -0.147003
0.591000 -0.150680
0.601000 -0.154444
0.611000 -0.158300
0.621000 -0.162253
0.631000 -0.166310
0.641000 -0.170477
0.651000 -0.174761
0.661000 -0.179169
0.671000 -0.183709
0.681000 -0.188392
0.691000 -0.193226
0.701000 -0.198222
0.711000 -0.203393
0.721000 -0.208751
0.731000 -0.214312
0.741000 -0.220091
0.751000 -0.226108
0.761000 -0.232382
0.771000 -0.238937
0.781000 -0.245799
0.791000 -0.252998
0.801000 -0.260566
0.811000 -0.268545
0.821000 -0.276978
0.831000 -0.285919
0.841000 -0.295429
0.851000 -0.305581
0.861000 -0.316464
0.871000 -0.328183
0.881000 -0.340867
0.891000 -0.354679
0.901000 -0.369821
0.911000 -0.386557
0.921000 -0.405230
0.931000 -0.426311
0.941000 -0.450462
0.951000 -0.478657
0.961000 -0.512436
0.971000 -0.554466
0.981000 -0.610132
0.991000 -0.694142


"V/E = -0.13"
0.001000 -0.000114
0.011000 -0.001258
0.021000 -0.002403
0.031000 -0.003547
0.041000 -0.004693
0.051000 -0.005841
0.061000 -0.006990
0.071000 -0.008141
0.081000 -0.009294
0.091000 -0.010450
0.101000 -0.011609
0.111000 -0.012771
0.121000 -0.013937
0.131000 -0.015107
0.141000 -0.016281
0.151000 -0.017461
0.161000 -0.018645
0.171000 -0.019835
0.181000 -0.021031
0.191000 -0.022233
0.201000 -0.023442
0.211000 -0.024658
0.221000 -0.025882
0.231000 -0.027114
0.241000 -0.028354
0.251000 -0.029604
0.261000 -0.030862
0.271000 -0.032131
0.281000 -0.033411
0.291000 -0.034701
0.301000 -0.036003
0.311000 -0.037317
0.321000 -0.038644
0.331000 -0.039985
0.341000 -0.041339
0.351000 -0.042708
0.361000 -0.044093
0.371000 -0.045494
0.381000 -0.046912
0.391000 -0.048348
0.401000 -0.049803
0.411000 -0.051277
0.421000 -0.052772
0.431000 -0.054288
0.441000 -0.055827
0.451000 -0.057390
0.461000 -0.058978
0.471000 -0.060592
0.481000 -0.062233
0.491000 -0.063903
0.501000 -0.065604
0.511000 -0.067336
0.521000 -0.069102
0.531000 -0.070904
0.541000 -0.072743
0.551000 -0.074621
0.561000 -0.076541
0.571000 -0.078505
0.581000 -0.080516
0.591000 -0.082576
0.601000 -0.084687
0.611000 -0.086855
0.621000 -0.089081
0.631000 -0.091370
0.641000 -0.093725
0.651000 -0.096151
0.661000 -0.098654
0.671000 -0.101238
0.681000 -0.103909
0.691000 -0.106673
0.701000 -0.109538
0.711000 -0.112512
0.721000 -0.115604
0.731000 -0.118822
0.741000 -0.122179
0.751000 -0.125686
0.761000 -0.129357
0.771000 -0.133209
0.781000 -0.137259
0.791000 -0.141528
0.801000 -0.146040
0.811000 -0.150822
0.821000 -0.155906
0.831000 -0.161332
0.841000 -0.167143
0.851000 -0.173394
0.861000 -0.180151
0.871000 -0.187494
0.881000 -0.195522
0.891000 -0.204362
0.901000 -0.214175
0.911000 -0.225173
0.921000 -0.237640
0.931000 -0.251973
0.941000 -0.268738
0.951000 -0.288795
0.961000 -0.313532
0.971000 -0.345420
0.981000 -0.389579
0.991000 -0.460349


"V/E = +0.00"
0.001000 0.000000
0.011000 -0.000000
0.021000 0.000000
0.031000 -0.000000
0.041000 0.000000
0.051000 0.000000
0.061000 0.000000
0.071000 0.000000
0.081000 0.000000
0.091000 0.000000
0.101000 0.000000
0.111000 0.000000
0.121000 -0.000000
0.131000 -0.000000
0.141000 0.000000
0.151000 0.000000
0.161000 0.000000
0.171000 0.000000
0.181000 -0.000000
0.191000 0.000000
0.201000 0.000000
0.211000 0.000000
0.221000 0.000000
0.231000 0.000000
0.241000 0.000000
0.251000 0.000000
0.261000 0.000000
0.271000 -0.000000
0.281000 0.000000
0.291000 0.000000
0.301000 0.000000
0.311000 0.000000
0.321000 -0.000000
0.331000 0.000000
0.341000 0.000000
0.351000 0.000000
0.361000 -0.000000
0.371000 0.000000
0.381000 0.000000
0.391000 0.000000
0.401000 0.000000
0.411000 0.000000
0.421000 0.000000
0.431000 0.000000
0.441000 0.000000
0.451000 0.000000
0.461000 0.000000
0.471000 -0.000000
0.481000 0.000000
0.491000 0.000000
0.501000 0.000000
0.511000 0.000000
0.521000 0.000000
0.531000 0.000000
0.541000 0.000000
0.551000 0.000000
0.561000 -0.000000
0.571000 0.000000
0.581000 0.000000
0.591000 0.000000
0.601000 0.000000
0.611000 0.000000
0.621000 0.000000
0.631000 -0.000000
0.641000 0.000000
0.651000 0.000000
0.661000 0.000000
0.671000 -0.000000
0.681000 -0.000000
0.691000 0.000000
0.701000 0.000000
0.711000 0.000000
0.721000 0.000000
0.731000 -0.000000
0.741000 -0.000000
0.751000 0.000000
0.761000 0.000000
0.771000 0.000000
0.781000 0.000000
0.791000 0.000000
0.801000 0.000000
0.811000 -0.000000
0.821000 -0.000000
0.831000 -0.000000
0.841000 0.000000
0.851000 0.000000
0.861000 0.000000
0.871000 -0.000000
0.881000 -0.000000
0.891000 0.000000
0.901000 -0.000000
0.911000 0.000000
0.921000 0.000000
0.931000 -0.000000
0.941000 -0.000000
0.951000 -0.000000
0.961000 -0.000000
0.971000 0.000000
0.981000 -0.000000
0.991000 0.000000


"V/E = +0.13"
0.001000 0.000138
0.011000 0.001519
0.021000 0.002901
0.031000 0.004283
0.041000 0.005667
0.051000 0.007052
0.061000 0.008440
0.071000 0.009831
0.081000 0.011225
0.091000 0.012622
0.101000 0.014024
0.111000 0.015430
0.121000 0.016841
0.131000 0.018258
0.141000 0.019681
0.151000 0.021111
0.161000 0.022548
0.171000 0.023992
0.181000 0.025445
0.191000 0.026906
0.201000 0.028377
0.211000 0.029857
0.221000 0.031349
0.231000 0.032851
0.241000 0.034365
0.251000 0.035892
0.261000 0.037432
0.271000 0.038987
0.281000 0.040556
0.291000 0.042140
0.301000 0.043741
0.311000 0.045359
0.321000 0.046995
0.331000 0.048651
0.341000 0.050326
0.351000 0.052022
0.361000 0.053741
0.371000 0.055483
0.381000 0.057250
0.391000 0.059042
0.401000 0.060862
0.411000 0.062710
0.421000 0.064588
0.431000 0.066498
0.441000 0.068441
0.451000 0.070419
0.461000 0.072434
0.471000 0.074489
0.481000 0.076584
0.491000 0.078723
0.501000 0.080908
0.511000 0.083142
0.521000 0.085428
0.531000 0.087768
0.541000 0.090166
0.551000 0.092626
0.561000 0.095151
0.571000 0.097746
0.581000 0.100416
0.591000 0.103165
0.601000 0.105999
0.611000 0.108924
0.621000 0.111946
0.631000 0.115074
0.641000 0.118314
0.651000 0.121677
0.661000 0.125172
0.671000 0.128809
0.681000 0.132603
0.691000 0.136566
0.701000 0.140715
0.711000 0.145068
0.721000 0.149645
0.731000 0.154470
0.741000 0.159571
0.751000 0.164980
0.761000 0.170733
0.771000 0.176875
0.781000 0.183459
0.791000 0.190547
0.801000 0.198217
0.811000 0.206563
0.821000 0.215703
0.831000 0.225787
0.841000 0.237009
0.851000 0.249625
0.861000 0.263984
0.871000 0.280575
0.881000 0.300117
0.891000 0.323724
0.901000 0.353261
0.911000 0.392241
0.921000 0.448753
0.931000 0.552929
0.941000 0.690446
0.951000 0.628684
0.961000 0.560401
0.971000 0.482835
0.981000 0.390492
0.991000 0.268530


"V/E = +0.25"
0.001000 0.000309
0.011000 0.003404
0.021000 0.006499
0.031000 0.009597
0.041000 0.012698
0.051000 0.015803
0.061000 0.018914
0.071000 0.022032
0.081000 0.025158
0.091000 0.028292
0.101000 0.031437
0.111000 0.034592
0.121000 0.037760
0.131000 0.040942
0.141000 0.044139
0.151000 0.047352
0.161000 0.050582
0.171000 0.053831
0.181000 0.057100
0.191000 0.060391
0.201000 0.063704
0.211000 0.067042
0.221000 0.070407
0.231000 0.073798
0.241000 0.077220
0.251000 0.080672
0.261000 0.084157
0.271000 0.087676
0.281000 0.091233
0.291000 0.094828
0.301000 0.098463
0.311000 0.102142
0.321000 0.105866
0.331000 0.109638
0.341000 0.113461
0.351000 0.117336
0.361000 0.121267
0.371000 0.125258
0.381000 0.129310
0.391000 0.133429
0.401000 0.137616
0.411000 0.141877
0.421000 0.146214
0.431000 0.150633
0.441000 0.155138
0.451000 0.159734
0.461000 0.164427
0.471000 0.169221
0.481000 0.174124
0.491000 0.179142
0.501000 0.184282
0.511000 0.189551
0.521000 0.194958
0.531000 0.200513
0.541000 0.206225
0.551000 0.212105
0.561000 0.218165
0.571000 0.224418
0.581000 0.230879
0.591000 0.237563
0.601000 0.244487
0.611000 0.251673
0.621000 0.259140
0.631000 0.266915
0.641000 0.275025
0.651000 0.283500
0.661000 0.292377
0.671000 0.301697
0.681000 0.311505
0.691000 0.321857
0.701000 0.332815
0.711000 0.344454
0.721000 0.356862
0.731000 0.370144
0.741000 0.384429
0.751000 0.399873
0.761000 0.416672
0.771000 0.435074
0.781000 0.455400
0.791000 0.478080
0.801000 0.503697
0.811000 0.533090
0.821000 0.567521
0.831000 0.609037
0.841000 0.661363
0.851000 0.732722
0.861000 0.851564
0.871000 1.027124
0.881000 0.985649
0.891000 0.942507
0.901000 0.897454
0.911000 0.850188
0.921000 0.800313
0.931000 0.747307
0.941000 0.690446
0.951000 0.628684
0.961000 0.560401
0.971000 0.482835
0.981000 0.390492
0.991000 0.268530


"V/E = +0.38"
0.001000 0.000530
0.011000 0.005828
0.021000 0.011129
0.031000 0.016435
0.041000 0.021746
0.051000 0.027066
0.061000 0.032397
0.071000 0.037740
0.081000 0.043098
0.091000 0.048473
0.101000 0.053867
0.111000 0.059283
0.121000 0.064722
0.131000 0.070187
0.141000 0.075681
0.151000 0.081205
0.161000 0.086763
0.171000 0.092357
0.181000 0.097989
0.191000 0.103663
0.201000 0.109381
0.211000 0.115146
0.221000 0.120962
0.231000 0.126831
0.241000 0.132756
0.251000 0.138742
0.261000 0.144792
0.271000 0.150909
0.281000 0.157098
0.291000 0.163362
0.301000 0.169707
0.311000 0.176136
0.321000 0.182655
0.331000 0.189269
0.341000 0.195982
0.351000 0.202802
0.361000 0.209734
0.371000 0.216784
0.381000 0.223959
0.391000 0.231268
0.401000 0.238717
0.411000 0.246316
0.421000 0.254073
0.431000 0.261998
0.441000 0.270102
0.451000 0.278397
0.461000 0.286894
0.471000 0.295608
0.481000 0.304552
0.491000 0.313743
0.501000 0.323199
0.511000 0.332938
0.521000 0.342982
0.531000 0.353355
0.541000 0.364082
0.551000 0.375192
0.561000 0.386717
0.571000 0.398694
0.581000 0.411164
0.591000 0.424173
0.601000 0.437774
0.611000 0.452027
0.621000 0.467003
0.631000 0.482783
0.641000 0.499462
0.651000 0.517153
0.661000 0.535991
0.671000 0.556141
0.681000 0.577802
0.691000 0.601225
0.701000 0.626730
0.711000 0.654731
0.721000 0.685783
0.731000 0.720658
0.741000 0.760480
0.751000 0.806990
0.761000 0.863156
0.771000 0.934846
0.781000 1.037563
0.791000 1.316709
0.801000 1.283665
0.811000 1.249874
0.821000 1.215272
0.831000 1.179787
0.841000 1.143335
0.851000 1.105820
0.861000 1.067128
0.871000 1.027124
0.881000 0.985649
0.891000 0.942507
0.901000 0.897454
0.911000 0.850188
0.921000 0.800313
0.931000 0.747307
0.941000 0.690446
0.951000 0.628684
0.961000 0.560401
0.971000 0.482835
0.981000 0.390492
0.991000 0.268530


"V/E = +0.50"
0.001000 0.000828
0.011000 0.009114
0.021000 0.017403
0.031000 0.025699
0.041000 0.034008
0.051000 0.042331
0.061000 0.050673
0.071000 0.059038
0.081000 0.067429
0.091000 0.075851
0.101000 0.084307
0.111000 0.092801
0.121000 0.101338
0.131000 0.109922
0.141000 0.118557
0.151000 0.127247
0.161000 0.135999
0.171000 0.144815
0.181000 0.153701
0.191000 0.162663
0.201000 0.171705
0.211000 0.180834
0.221000 0.190055
0.231000 0.199374
0.241000 0.208797
0.251000 0.218332
0.261000 0.227986
0.271000 0.237765
0.281000 0.247679
0.291000 0.257734
0.301000 0.267940
0.311000 0.278307
0.321000 0.288845
0.331000 0.299563
0.341000 0.310474
0.351000 0.321591
0.361000 0.332925
0.371000 0.344491
0.381000 0.356305
0.391000 0.368384
0.401000 0.380744
0.411000 0.393406
0.421000 0.406392
0.431000 0.419724
0.441000 0.433428
0.451000 0.447533
0.461000 0.462070
0.471000 0.477073
0.481000 0.492581
0.491000 0.508638
0.501000 0.525293
0.511000 0.542600
0.521000 0.560622
0.531000 0.579431
0.541000 0.599109
0.551000 0.619754
0.561000 0.641476
0.571000 0.664410
0.581000 0.688714
0.591000 0.714581
0.601000 0.742248
0.611000 0.772011
0.621000 0.804247
0.631000 0.839451
0.641000 0.878289
0.651000 0.921698
0.661000 0.971063
0.671000 1.028587
0.681000 1.098177
0.691000 1.188154
0.701000 1.324955
0.711000 1.559754
0.721000 1.531104
0.731000 1.502020
0.741000 1.472476
0.751000 1.442442
0.761000 1.411886
0.771000 1.380773
0.781000 1.349062
0.791000 1.316709
0.801000 1.283665
0.811000 1.249874
0.821000 1.215272
0.831000 1.179787
0.841000 1.143335
0.851000 1.105820
0.861000 1.067128
0.871000 1.027124
0.881000 0.985649
0.891000 0.942507
0.901000 0.897454
0.911000 0.850188
0.921000 0.800313
0.931000 0.747307
0.941000 0.690446
0.951000 0.628684
0.961000 0.560401
0.971000 0.482835
0.981000 0.390492
0.991000 0.268530


"V/E = +0.63"
0.001000 0.001266
0.011000 0.013927
0.021000 0.026596
0.031000 0.039279
0.041000 0.051983
0.051000 0.064714
0.061000 0.077480
0.071000 0.090288
0.081000 0.103145
0.091000 0.116057
0.101000 0.129034
0.111000 0.142081
0.121000 0.155208
0.131000 0.168421
0.141000 0.181730
0.151000 0.195144
0.161000 0.208671
0.171000 0.222320
0.181000 0.236102
0.191000 0.250026
0.201000 0.264104
0.211000 0.278348
0.221000 0.292768
0.231000 0.307378
0.241000 0.322191
0.251000 0.337221
0.261000 0.352485
0.271000 0.367997
0.281000 0.383777
0.291000 0.399841
0.301000 0.416211
0.311000 0.432909
0.321000 0.449959
0.331000 0.467386
0.341000 0.485218
0.351000 0.503487
0.361000 0.522226
0.371000 0.541472
0.381000 0.561269
0.391000 0.581661
0.401000 0.602700
0.411000 0.624444
0.421000 0.646959
0.431000 0.670320
0.441000 0.694612
0.451000 0.719933
0.461000 0.746397
0.471000 0.774140
0.481000 0.803319
0.491000 0.834127
0.501000 0.866794
0.511000 0.901607
0.521000 0.938927
0.531000 0.979219
0.541000 1.023096
0.551000 1.071402
0.561000 1.125345
0.571000 1.186764
0.581000 1.258720
0.591000 1.347046
0.601000 1.466044
0.611000 1.693020
0.621000 1.801557
0.631000 1.775910
0.641000 1.749992
0.651000 1.723790
0.661000 1.697291
0.671000 1.670479
0.681000 1.643338
0.691000 1.615850
0.701000 1.587995
0.711000 1.559754
0.721000 1.531104
0.731000 1.502020
0.741000 1.472476
0.751000 1.442442
0.761000 1.411886
0.771000 1.380773
0.781000 1.349062
0.791000 1.316709
0.801000 1.283665
0.811000 1.249874
0.821000 1.215272
0.831000 1.179787
0.841000 1.143335
0.851000 1.105820
0.861000 1.067128
0.871000 1.027124
0.881000 0.985649
0.891000 0.942507
0.901000 0.897454
0.911000 0.850188
0.921000 0.800313
0.931000 0.747307
0.941000 0.690446
0.951000 0.628684
0.961000 0.560401
0.971000 0.482835
0.981000 0.390492
0.991000 0.268530


"V/E = +0.75"
0.001000 0.002000
0.011000 0.022003
0.021000 0.042022
0.031000 0.062070
0.041000 0.082161
0.051000 0.102311
0.061000 0.122534
0.071000 0.142844
0.081000 0.163257
0.091000 0.183788
0.101000 0.204454
0.111000 0.225272
0.121000 0.246259
0.131000 0.267433
0.141000 0.288813
0.151000 0.310420
0.161000 0.332275
0.171000 0.354400
0.181000 0.376819
0.191000 0.399557
0.201000 0.422643
0.211000 0.446105
0.221000 0.469975
0.231000 0.494287
0.241000 0.519080
0.251000 0.544393
0.261000 0.570272
0.271000 0.596767
0.281000 0.623932
0.291000 0.651828
0.301000 0.680525
0.311000 0.710099
0.321000 0.740638
0.331000 0.772242
0.341000 0.805027
0.351000 0.839126
0.361000 0.874697
0.371000 0.911926
0.381000 0.951037
0.391000 0.992301
0.401000 1.036056
0.411000 1.082727
0.421000 1.132865
0.431000 1.187203
0.441000 1.246754
0.451000 1.312989
0.461000 1.388186
0.471000 1.476233
0.481000 1.584880
0.491000 1.735073
0.501000 2.092085
0.511000 2.068897
0.521000 2.045548
0.531000 2.022032
0.541000 1.998341
0.551000 1.974468
0.561000 1.950406
0.571000 1.926146
0.581000 1.901679
0.591000 1.876997
0.601000 1.852089
0.611000 1.826946
0.621000 1.801557
0.631000 1.775910
0.641000 1.749992
0.651000 1.723790
0.661000 1.697291
0.671000 1.670479
0.681000 1.643338
0.691000 1.615850
0.701000 1.587995
0.711000 1.559754
0.721000 1.531104
0.731000 1.502020
0.741000 1.472476
0.751000 1.442442
0.761000 1.411886
0.771000 1.380773
0.781000 1.349062
0.791000 1.316709
0.801000 1.283665
0.811000 1.249874
0.821000 1.215272
0.831000 1.179787
0.841000 1.143335
0.851000 1.105820
0.861000 1.067128
0.871000 1.027124
0.881000 0.985649
0.891000 0.942507
0.901000 0.897454
0.911000 0.850188
0.921000 0.800313
0.931000 0.747307
0.941000 0.690446
0.951000 0.628684
0.961000 0.560401
0.971000 0.482835
0.981000 0.390492
0.991000 0.268530


"V/E = +0.88"
0.001000 0.003657
0.011000 0.040235
0.021000 0.076861
0.031000 0.113578
0.041000 0.150431
0.051000 0.187465
0.061000 0.224728
0.071000 0.262267
0.081000 0.300134
0.091000 0.338382
0.101000 0.377068
0.111000 0.416254
0.121000 0.456005
0.131000 0.496391
0.141000 0.537491
0.151000 0.579390
0.161000 0.622183
0.171000 0.665976
0.181000 0.710889
0.191000 0.757058
0.201000 0.804639
0.211000 0.853814
0.221000 0.904795
0.231000 0.957835
0.241000 1.013241
0.251000 1.071386
0.261000 1.132738
0.271000 1.197895
0.281000 1.267645
0.291000 1.343055
0.301000 1.425649
0.311000 1.517723
0.321000 1.623043
0.331000 1.748643
0.341000 1.911078
0.351000 2.183802
0.361000 2.402913
0.371000 2.381421
0.381000 2.359837
0.391000 2.338157
0.401000 2.316376
0.411000 2.294491
0.421000 2.272498
0.431000 2.250391
0.441000 2.228168
0.451000 2.205822
0.461000 2.183349
0.471000 2.160745
0.481000 2.138003
0.491000 2.115118
0.501000 2.092085
0.511000 2.068897
0.521000 2.045548
0.531000 2.022032
0.541000 1.998341
0.551000 1.974468
0.561000 1.950406
0.571000 1.926146
0.581000 1.901679
0.591000 1.876997
0.601000 1.852089
0.611000 1.826946
0.621000 1.801557
0.631000 1.775910
0.641000 1.749992
0.651000 1.723790
0.661000 1.697291
0.671000 1.670479
0.681000 1.643338
0.691000 1.615850
0.701000 1.587995
0.711000 1.559754
0.721000 1.531104
0.731000 1.502020
0.741000 1.472476
0.751000 1.442442
0.761000 1.411886
0.771000 1.380773
0.781000 1.349062
0.791000 1.316709
0.801000 1.283665
0.811000 1.249874
0.821000 1.215272
0.831000 1.179787
0.841000 1.143335
0.851000 1.105820
0.861000 1.067128
0.871000 1.027124
0.881000 0.985649
0.891000 0.942507
0.901000 0.897454
0.911000 0.850188
0.921000 0.800313
0.931000 0.747307
0.941000 0.690446
0.951000 0.628684
0.961000 0.560401
0.971000 0.482835
0.981000 0.390492
0.991000 0.268530


"V/E = +1.00"
0.001000 3.139593
0.011000 3.119592
0.021000 3.099590
0.031000 3.079583
0.041000 3.059570
0.051000 3.039548
0.061000 3.019517
0.071000 2.999473
0.081000 2.979415
0.091000 2.959341
0.101000 2.939248
0.111000 2.919134
0.121000 2.898998
0.131000 2.878837
0.141000 2.858650
0.151000 2.838433
0.161000 2.818185
0.171000 2.797904
0.181000 2.777586
0.191000 2.757231
0.201000 2.736835
0.211000 2.716397
0.221000 2.695913
0.231000 2.675382
0.241000 2.654800
0.251000 2.634166
0.261000 2.613477
0.271000 2.592729
0.281000 2.571921
0.291000 2.551049
0.301000 2.530110
0.311000 2.509103
0.321000 2.488022
0.331000 2.466866
0.341000 2.445632
0.351000 2.424315
0.361000 2.402913
0.371000 2.381421
0.381000 2.359837
0.391000 2.338157
0.401000 2.316376
0.411000 2.294491
0.421000 2.272498
0.431000 2.250391
0.441000 2.228168
0.451000 2.205822
0.461000 2.183349
0.471000 2.160745
0.481000 2.138003
0.491000 2.115118
0.501000 2.092085
0.511000 2.068897
0.521000 2.045548
0.531000 2.022032
0.541000 1.998341
0.551000 1.974468
0.561000 1.950406
0.571000 1.926146
0.581000 1.901679
0.591000 1.876997
0.601000 1.852089
0.611000 1.826946
0.621000 1.801557
0.631000 1.775910
0.641000 1.749992
0.651000 1.723790
0.661000 1.697291
0.671000 1.670479
0.681000 1.643338
0.691000 1.615850
0.701000 1.587995
0.711000 1.559754
0.721000 1.531104
0.731000 1.502020
0.741000 1.472476
0.751000 1.442442
0.761000 1.411886
0.771000 1.380773
0.781000 1.349062
0.791000 1.316709
0.801000 1.283665
0.811000 1.249874
0.821000 1.215272
0.831000 1.179787
0.841000 1.143335
0.851000 1.105820
0.861000 1.067128
0.871000 1.027124
0.881000 0.985649
0.891000 0.942507
0.901000 0.897454
0.911000 0.850188
0.921000 0.800313
0.931000 0.747307
0.941000 0.690446
0.951000 0.628684
0.961000 0.560401
0.971000 0.482835
0.981000 0.390492
0.991000 0.268530


"V/E = +1.13"
0.001000 3.139593
0.011000 3.119592
0.021000 3.099590
0.031000 3.079583
0.041000 3.059570
0.051000 3.039548
0.061000 3.019517
0.071000 2.999473
0.081000 2.979415
0.091000 2.959341
0.101000 2.939248
0.111000 2.919134
0.121000 2.898998
0.131000 2.878837
0.141000 2.858650
0.151000 2.838433
0.161000 2.818185
0.171000 2.797904
0.181000 2.777586
0.191000 2.757231
0.201000 2.736835
0.211000 2.716397
0.221000 2.695913
0.231000 2.675382
0.241000 2.654800
0.251000 2.634166
0.261000 2.613477
0.271000 2.592729
0.281000 2.571921
0.291000 2.551049
0.301000 2.530110
0.311000 2.509103
0.321000 2.488022
0.331000 2.466866
0.341000 2.445632
0.351000 2.424315
0.361000 2.402913
0.371000 2.381421
0.381000 2.359837
0.391000 2.338157
0.401000 2.316376
0.411000 2.294491
0.421000 2.272498
0.431000 2.250391
0.441000 2.228168
0.451000 2.205822
0.461000 2.183349
0.471000 2.160745
0.481000 2.138003
0.491000 2.115118
0.501000 2.092085
0.511000 2.068897
0.521000 2.045548
0.531000 2.022032
0.541000 1.998341
0.551000 1.974468
0.561000 1.950406
0.571000 1.926146
0.581000 1.901679
0.591000 1.876997
0.601000 1.852089
0.611000 1.826946
0.621000 1.801557
0.631000 1.775910
0.641000 1.749992
0.651000 1.723790
0.661000 1.697291
0.671000 1.670479
0.681000 1.643338
0.691000 1.615850
0.701000 1.587995
0.711000 1.559754
0.721000 1.531104
0.731000 1.502020
0.741000 1.472476
0.751000 1.442442
0.761000 1.411886
0.771000 1.380773
0.781000 1.349062
0.791000 1.316709
0.801000 1.283665
0.811000 1.249874
0.821000 1.215272
0.831000 1.179787
0.841000 1.143335
0.851000 1.105820
0.861000 1.067128
0.871000 1.027124
0.881000 0.985649
0.891000 0.942507
0.901000 0.897454
0.911000 0.850188
0.921000 0.800313
0.931000 0.747307
0.941000 0.690446
0.951000 0.628684
0.961000 0.560401
0.971000 0.482835
0.981000 0.390492
0.991000 0.268530


"V/E = +1.25"
0.001000 3.139593
0.011000 3.119592
0.021000 3.099590
0.031000 3.079583
0.041000 3.059570
0.051000 3.039548
0.061000 3.019517
0.071000 2.999473
0.081000 2.979415
0.091000 2.959341
0.101000 2.939248
0.111000 2.919134
0.121000 2.898998
0.131000 2.878837
0.141000 2.858650
0.151000 2.838433
0.161000 2.818185
0.171000 2.797904
0.181000 2.777586
0.191000 2.757231
0.201000 2.736835
0.211000 2.716397
0.221000 2.695913
0.231000 2.675382
0.241000 2.654800
0.251000 2.634166
0.261000 2.613477
0.271000 2.592729
0.281000 2.571921
0.291000 2.551049
0.301000 2.530110
0.311000 2.509103
0.321000 2.488022
0.331000 2.466866
0.341000 2.445632
0.351000 2.424315
0.361000 2.402913
0.371000 2.381421
0.381000 2.359837
0.391000 2.338157
0.401000 2.316376
0.411000 2.294491
0.421000 2.272498
0.431000 2.250391
0.441000 2.228168
0.451000 2.205822
0.461000 2.183349
0.471000 2.160745
0.481000 2.138003
0.491000 2.115118
0.501000 2.092085
0.511000 2.068897
0.521000 2.045548
0.531000 2.022032
0.541000 1.998341
0.551000 1.974468
0.561000 1.950406
0.571000 1.926146
0.581000 1.901679
0.591000 1.876997
0.601000 1.852089
0.611000 1.826946
0.621000 1.801557
0.631000 1.775910
0.641000 1.749992
0.651000 1.723790
0.661000 1.697291
0.671000 1.670479
0.681000 1.643338
0.691000 1.615850
0.701000 1.587995
0.711000 1.559754
0.721000 1.531104
0.731000 1.502020
0.741000 1.472476
0.751000 1.442442
0.761000 1.411886
0.771000 1.380773
0.781000 1.349062
0.791000 1.316709
0.801000 1.283665
0.811000 1.249874
0.821000 1.215272
0.831000 1.179787
0.841000 1.143335
0.851000 1.105820
0.861000 1.067128
0.871000 1.027124
0.881000 0.985649
0.891000 0.942507
0.901000 0.897454
0.911000 0.850188
0.921000 0.800313
0.931000 0.747307
0.941000 0.690446
0.951000 0.628684
0.961000 0.560401
0.971000 0.482835
0.981000 0.390492
0.991000 0.268530


"V/E = +1.38"
0.001000 3.139593
0.011000 3.119592
0.021000 3.099590
0.031000 3.079583
0.041000 3.059570
0.051000 3.039548
0.061000 3.019517
0.071000 2.999473
0.081000 2.979415
0.091000 2.959341
0.101000 2.939248
0.111000 2.919134
0.121000 2.898998
0.131000 2.878837
0.141000 2.858650
0.151000 2.838433
0.161000 2.818185
0.171000 2.797904
0.181000 2.777586
0.191000 2.757231
0.201000 2.736835
0.211000 2.716397
0.221000 2.695913
0.231000 2.675382
0.241000 2.654800
0.251000 2.634166
0.261000 2.613477
0.271000 2.592729
0.281000 2.571921
0.291000 2.551049
0.301000 2.530110
0.311000 2.509103
0.321000 2.488022
0.331000 2.466866
0.341000 2.445632
0.351000 2.424315
0.361000 2.402913
0.371000 2.381421
0.381000 2.359837
0.391000 2.338157
0.401000 2.316376
0.411000 2.294491
0.421000 2.272498
0.431000 2.250391
0.441000 2.228168
0.451000 2.205822
0.461000 2.183349
0.471000 2.160745
0.481000 2.138003
0.491000 2.115118
0.501000 2.092085
0.511000 2.068897
0.521000 2.045548
0.531000 2.022032
0.541000 1.998341
0.551000 1.974468
0.561000 1.950406
0.571000 1.926146
0.581000 1.901679
0.591000 1.876997
0.601000 1.852089
0.611000 1.826946
0.621000 1.801557
0.631000 1.775910
0.641000 1.749992
0.651000 1.723790
0.661000 1.697291
0.671000 1.670479
0.681000 1.643338
0.691000 1.615850
0.701000 1.587995
0.711000 1.559754
0.721000 1.531104
0.731000 1.502020
0.741000 1.472476
0.751000 1.442442
0.761000 1.411886
0.771000 1.380773
0.781000 1.349062
0.791000 1.316709
0.801000 1.283665
0.811000 1.249874
0.821000 1.215272
0.831000 1.179787
0.841000 1.143335
0.851000 1.105820
0.861000 1.067128
0.871000 1.027124
0.881000 0.985649
0.891000 0.942507
0.901000 0.897454
0.911000 0.850188
0.921000 0.800313
0.931000 0.747307
0.941000 0.690446
0.951000 0.628684
0.961000 0.560401
0.971000 0.482835
0.981000 0.390492
0.991000 0.268530


"V/E = +1.50"
0.001000 3.139593
0.011000 3.119592
0.021000 3.099590
0.031000 3.079583
0.041000 3.059570
0.051000 3.039548
0.061000 3.019517
0.071000 2.999473
0.081000 2.979415
0.091000 2.959341
0.101000 2.939248
0.111000 2.919134
0.121000 2.898998
0.131000 2.878837
0.141000 2.858650
0.151000 2.838433
0.161000 2.818185
0.171000 2.797904
0.181000 2.777586
0.191000 2.757231
0.201000 2.736835
0.211000 2.716397
0.221000 2.695913
0.231000 2.675382
0.241000 2.654800
0.251000 2.634166
0.261000 2.613477
0.271000 2.592729
0.281000 2.571921
0.291000 2.551049
0.301000 2.530110
0.311000 2.509103
0.321000 2.488022
0.331000 2.466866
0.341000 2.445632
0.351000 2.424315
0.361000 2.402913
0.371000 2.381421
0.381000 2.359837
0.391000 2.338157
0.401000 2.316376
0.411000 2.294491
0.421000 2.272498
0.431000 2.250391
0.441000 2.228168
0.451000 2.205822
0.461000 2.183349
0.471000 2.160745
0.481000 2.138003
0.491000 2.115118
0.501000 2.092085
0.511000 2.068897
0.521000 2.045548
0.531000 2.022032
0.541000 1.998341
0.551000 1.974468
0.561000 1.950406
0.571000 1.926146
0.581000 1.901679
0.591000 1.876997
0.601000 1.852089
0.611000 1.826946
0.621000 1.801557
0.631000 1.775910
0.641000 1.749992
0.651000 1.723790
0.661000 1.697291
0.671000 1.670479
0.681000 1.643338
0.691000 1.615850
0.701000 1.587995
0.711000 1.559754
0.721000 1.531104
0.731000 1.502020
0.741000 1.472476
0.751000 1.442442
0.761000 1.411886
0.771000 1.380773
0.781000 1.349062
0.791000 1.316709
0.801000 1.283665
0.811000 1.249874
0.821000 1.215272
0.831000 1.179787
0.841000 1.143335
0.851000 1.105820
0.861000 1.067128
0.871000 1.027124
0.881000 0.985649
0.891000 0.942507
0.901000 0.897454
0.911000 0.850188
0.921000 0.800313
0.931000 0.747307
0.941000 0.690446
0.951000 0.628684
0.961000 0.560401
0.971000 0.482835
0.981000 0.390492
0.991000 0.268530


