9.900000000000 1.133200 -1.421085e-014 +118.936509
9.800000000000 1.133318 5.684342e-014 +117.509634
9.700000000000 1.133438 -2.842171e-014 +116.082795
9.600000000000 1.133562 -4.263256e-014 +114.655993
9.500000000000 1.133688 1.421085e-014 +113.229229
9.400000000000 1.133817 -1.421085e-014 +111.802505
9.300000000000 1.133949 0.000000e+000 +110.375822
9.200000000000 1.134084 -2.842171e-014 +108.949181
9.100000000000 1.134223 -2.842171e-014 +107.522583
9.000000000000 1.134364 4.263256e-014 +106.096030
8.900000000000 1.134510 -5.684342e-014 +104.669523
8.800000000000 1.134658 2.131628e-014 +103.243064
8.700000000000 1.134811 1.421085e-014 +101.816654
8.600000000000 1.134967 7.105427e-014 +100.390296
8.500000000000 1.135128 1.421085e-014 +98.963990
8.400000000000 1.135293 0.000000e+000 +97.537739
8.300000000000 1.135462 -1.421085e-014 +96.111544
8.200000000000 1.135635 4.263256e-014 +94.685408
8.100000000000 1.135813 -2.842171e-014 +93.259332
8.000000000000 1.135997 0.000000e+000 +91.833319
7.900000000000 1.136185 -4.973799e-014 +90.407371
7.800000000000 1.136379 2.131628e-014 +88.981490
7.700000000000 1.136578 -1.421085e-014 +87.555680
7.600000000000 1.136783 -1.421085e-014 +86.129942
7.500000000000 1.136994 -2.131628e-014 +84.704279
7.400000000000 1.137211 4.263256e-014 +83.278694
7.300000000000 1.137435 -1.421085e-014 +81.853191
7.200000000000 1.137666 -7.105427e-015 +80.427773
7.100000000000 1.137904 2.131628e-014 +79.002442
7.000000000000 1.138150 0.000000e+000 +77.577203
6.900000000000 1.138404 -3.552714e-014 +76.152059
6.800000000000 1.138666 -2.842171e-014 +74.727014
6.700000000000 1.138938 -3.552714e-014 +73.302072
6.600000000000 1.139218 -6.394885e-014 +71.877239
6.500000000000 1.139508 1.421085e-014 +70.452517
6.400000000000 1.139808 -6.394885e-014 +69.027913
6.300000000000 1.140120 -7.105427e-015 +67.603432
6.200000000000 1.140442 5.684342e-014 +66.179078
6.100000000000 1.140777 3.552714e-014 +64.754859
6.000000000000 1.141125 -2.131628e-014 +63.330779
5.900000000000 1.141486 -1.421085e-014 +61.906845
5.800000000000 1.141861 3.552714e-014 +60.483065
5.700000000000 1.142252 1.421085e-014 +59.059446
5.600000000000 1.142659 1.421085e-014 +57.635995
5.500000000000 1.143083 -2.842171e-014 +56.212721
5.400000000000 1.143526 -7.105427e-015 +54.789632
5.300000000000 1.143988 -2.131628e-014 +53.366738
5.200000000000 1.144471 3.552714e-015 +51.944049
5.100000000000 1.144976 -1.065814e-014 +50.521574
5.000000000000 1.145505 -3.197442e-014 +49.099326
4.900000000000 1.146061 0.000000e+000 +47.677315
4.800000000000 1.146644 3.907985e-014 +46.255555
4.700000000000 1.147256 1.421085e-014 +44.834059
4.600000000000 1.147901 -1.776357e-014 +43.412841
4.500000000000 1.148582 0.000000e+000 +41.991915
4.400000000000 1.149299 3.552714e-015 +40.571298
4.300000000000 1.150059 3.197442e-014 +39.151005
4.200000000000 1.150863 -1.065814e-014 +37.731055
4.100000000000 1.151716 3.552714e-015 +36.311466
4.000000000000 1.152623 -7.105427e-015 +34.892255
3.900000000000 1.153590 2.131628e-014 +33.473443
3.800000000000 1.154621 2.131628e-014 +32.055049
3.700000000000 1.155725 3.552714e-014 +30.637092
3.600000000000 1.156910 -3.552714e-014 +29.219591
3.500000000000 1.158185 2.131628e-014 +27.802564
3.400000000000 1.159560 4.973799e-014 +26.386024
3.300000000000 1.161049 -2.842171e-014 +24.969981
3.200000000000 1.162667 -3.197442e-014 +23.554439
3.100000000000 1.164432 -2.842171e-014 +22.139391
3.000000000000 1.166366 2.842171e-014 +20.724812
2.900000000000 1.168497 -3.907985e-014 +19.310656
2.800000000000 1.170856 3.907985e-014 +17.896838
2.700000000000 1.173485 3.907985e-014 +16.483220
2.600000000000 1.176437 -1.065814e-014 +15.069578
2.500000000000 1.179781 1.421085e-014 +13.655555
2.400000000000 1.183608 2.842171e-014 +12.240582
2.300000000000 1.188041 -1.065814e-014 +10.823735
2.200000000000 1.193260 -1.776357e-014 +9.403480
2.100000000000 1.199530 -3.552714e-015 +7.977158
2.000000000000 1.207274 -7.105427e-015 +6.539882
1.900000000000 1.217243 -2.309264e-014 +5.081767
1.800000000000 1.230998 -2.486900e-014 +3.579319
1.700000000000 1.253130 2.842171e-014 +1.953832
1.690000000000 1.256335 4.440892e-014 +1.774665
1.680000000000 1.259882 1.953993e-014 +1.589390
1.670000000000 1.263866 -2.486900e-014 +1.396061
1.660000000000 1.268446 1.776357e-014 +1.191547
1.650000000000 1.273900 -7.105427e-015 +0.970219
1.640000000000 1.280828 -4.973799e-014 +0.719836
1.630000000000 1.291209 1.776357e-015 +0.399618
1.629000000000 1.292711 -1.953993e-014 +0.358055
1.628000000000 1.294404 -2.309264e-014 +0.312562
1.627000000000 1.296376 2.131628e-014 +0.261289
1.626000000000 1.298817 -2.664535e-014 +0.200244
1.625000000000 1.302363 2.131628e-014 +0.116164
1.624900000000 1.302868 2.486900e-014 +0.104627
1.624800000000 1.303434 2.309264e-014 +0.091796
1.624700000000 1.304092 2.842171e-014 +0.077048
1.624600000000 1.304908 -1.421085e-014 +0.059010
1.624500000000 1.306115 -1.776357e-015 +0.032784
1.624490000000 1.306294 -8.881784e-015 +0.028942
1.624480000000 1.306500 5.329071e-015 +0.024522
1.624470000000 1.306753 -1.776357e-014 +0.019135
1.624460000000 1.307113 2.486900e-014 +0.011503
1.624450000000 1.307658 -1.065814e-014 +0.000061
1.624449900000 1.307578 -8.148431e-005 +0.001742
1.624449800000 1.306414 1.776357e-015 +0.026408
1.624449700000 1.307174 -1.633564e-004 +0.010238
1.624449600000 1.306604 -4.641444e-004 +0.022339
1.624449590000 1.307343 7.105427e-015 +0.006676
1.624449589990 1.307148 -2.486900e-014 +0.010786
1.624449589989 1.307476 -9.630382e-005 +0.003878
1.624449589988 1.307300 -3.552714e-015 +0.007571
1.624449589987 1.306297 0.000000e+000 +0.028921
1.624449589986 1.306214 -1.776357e-015 +0.030719
1.624449589986 1.307539 1.065814e-014 +0.002544
1.624449589986 1.306934 2.131628e-014 +0.015323
1.624449589986 1.306192 -1.953993e-014 +0.031176
1.624449589986 1.306950 7.105427e-015 +0.014970
1.624449589986 1.306334 -6.827927e-004 +0.028122
1.624449589985 1.306134 8.881784e-015 +0.032443
1.624449589985 1.307506 -9.278808e-005 +0.003237
